1.151678 -0.442217 
-1.288515 -1.026552 
0.845225 -0.998472 
0.780179 -0.692945 
0.806940 -0.864976 
1.013139 -0.286126 
-1.215548 -1.086420 
-1.521881 -0.299018 
1.181589 -0.012717 
-1.497866 -0.546338 
0.159661 -1.220564 
-0.256614 -1.472881 
0.957005 -0.307432 
-1.115749 -0.842209 
-0.716938 -1.203984 
-0.656049 -1.213578 
0.984984 -0.903348 
-1.400493 -0.449453 
-0.624897 -1.426447 
0.314502 -1.094097 
-0.193442 -1.326021 
-1.404802 -0.500378 
0.229645 -1.209026 
-1.318147 -0.517395 
-0.992349 -1.140985 
-0.610299 -1.276374 
-0.533358 -1.253504 
-1.011385 -1.260958 
-0.425206 -1.461193 
0.082863 -1.378066 
1.156686 -0.171726 
-0.863066 -1.254043 
1.062074 -0.414293 
-1.577804 -0.044481 
1.182886 -0.166689 
0.047620 -1.153362 
1.002823 -0.592414 
-0.506118 -1.243662 
-0.527732 -1.211968 
-0.910613 -0.957215 
-1.043614 -1.037210 
0.821063 -0.879501 
0.847317 -0.812676 
-0.228611 -1.201896 
-0.097712 -1.371226 
0.022289 -1.321226 
-1.120607 -1.058140 
-0.080785 -1.371196 
0.997892 -0.769081 
1.083393 -0.728000 
1.038817 -0.674023 
-1.372494 -0.442348 
-1.287421 -0.602967 
-1.433929 -0.132582 
-1.245636 -0.690414 
-1.371370 -0.556575 
0.518106 -1.142319 
0.568544 -0.954437 
1.110776 -0.149293 
0.978892 -0.146587 
-0.009061 -1.271961 
-1.085542 -1.182861 
1.091516 -0.100926 
0.248288 -1.386617 
-1.394227 -0.060194 
1.135771 -0.634785 
0.139276 -1.454453 
0.127203 -1.350574 
0.569112 -1.268790 
0.070000 -1.199803 
-1.398900 -0.862774 
0.950171 -0.298372 
1.227176 -0.147244 
1.073311 -0.510468 
0.549152 -0.938995 
0.966402 -0.279319 
-0.577574 -1.402316 
-1.248092 -0.927886 
0.714146 -0.774066 
-1.610639 -0.159806 
0.941245 -0.315632 
-1.464895 -0.352140 
1.134568 -0.380013 
-0.255161 -1.265942 
0.481203 -1.224247 
-0.632868 -1.239326 
-1.102628 -1.156663 
-1.005345 -1.065755 
-1.416953 -0.074252 
-0.734929 -1.268700 
1.046806 -0.143244 
0.100674 -1.135543 
-1.407813 -0.483779 
0.254761 -1.265353 
-0.655998 -1.145505 
0.767222 -0.633095 
-0.042877 -1.262277 
-0.619621 -1.104308 
0.012706 -1.353828 
-0.325919 -1.358963 
-0.298625 -1.366962 
-1.507313 -0.093935 
0.082375 -1.305692 
-0.063680 -1.399905 
0.373395 -1.376218 
-1.298690 -0.741135 
-0.391725 -1.452396 
-1.351363 -0.898744 
0.958726 -0.351400 
1.153531 -0.473465 
0.695148 -0.952986 
-0.657769 -1.290541 
0.664549 -1.172840 
-1.471691 -0.220257 
-1.554795 -0.142621 
-0.586155 -1.416699 
-1.686585 -0.064649 
1.251719 -0.062858 
-1.340594 -0.199532 
0.198433 -1.333697 
-1.415709 -0.429844 
-0.907416 -1.249869 
-1.648318 -0.364137 
-1.049699 -1.068444 
-1.498820 -0.430809 
0.852359 -0.953728 
0.571543 -0.941764 
-1.613848 -0.154834 
-0.893593 -1.115449 
1.212334 -0.043996 
0.261711 -1.301446 
0.063894 -1.414625 
1.048794 -0.344376 
0.316384 -1.314059 
-0.482909 -1.255312 
-1.474044 -0.186531 
-0.063874 -1.406994 
-0.857287 -1.174959 
0.287530 -1.376348 
-0.169186 -1.366041 
0.328662 -1.335073 
-0.717465 -1.153319 
0.968140 -0.093641 
-0.757948 -1.102204 
-1.628763 -0.391962 
0.775307 -0.851186 
-1.009203 -1.129601 
0.117382 -1.293348 
-0.240869 -1.348615 
-0.961269 -1.207134 
-0.214631 -1.197696 
0.681371 -1.100564 
-0.450139 -1.374021 
-1.181905 -0.655306 
0.198173 -1.283331 
0.848788 -0.485272 
-1.054666 -1.135634 
0.529220 -1.095820 
0.835087 -0.724259 
0.657488 -0.902675 
0.775836 -1.005433 
-0.728163 -1.205578 
-0.730244 -1.330393 
0.775161 -1.118745 
-1.082817 -1.179011 
0.858434 -0.469612 
-0.184339 -1.425607 
0.745897 -0.727105 
-0.337851 -1.162670 
-0.766877 -1.382461 
0.945821 -0.350141 
1.083945 -0.013373 
0.777397 -0.962208 
-1.501351 -0.517554 
0.836296 -0.659885 
1.112577 -0.703878 
0.853309 -1.028943 
0.973931 -0.368067 
-0.620391 -1.406358 
0.295976 -1.173666 
0.332541 -1.291710 
1.009173 -0.456106 
1.078255 -0.419773 
-0.698485 -1.414685 
-0.331890 -1.419606 
0.462846 -0.944040 
0.341988 -1.366584 
1.168406 -0.178069 
0.556805 -0.891435 
0.765518 -0.852924 
-0.774876 -1.132932 
-0.203674 -1.288205 
-1.244445 -0.933594 
0.681040 -1.172991 
0.758702 -0.719904 
0.286683 -1.141456 
-0.244597 -1.366719 
0.178916 -1.303157 
0.952517 -0.375262 
0.551385 -1.043166 
0.084085 -1.345603 
-0.905559 -0.929971 
0.736143 -0.714137 
-0.627349 -1.400647 
-1.597457 -0.259639 
-0.588031 -1.288181 
1.057425 -0.587706 
0.931712 -0.978694 
-1.340481 -0.928373 
-1.355173 -0.521984 
-0.976658 -1.092346 
-0.135344 -1.271833 
-0.865408 -1.015044 
1.035009 -0.696790 
0.967726 -0.496496 
-0.291387 -1.313914 
1.004858 -0.081517 
-1.087566 -0.756170 
-0.819329 -1.083287 
-1.383389 -0.151681 
0.982710 -0.406164 
-0.661094 -1.111673 
-1.436277 -0.103806 
-1.027326 -1.012772 
-0.374142 -1.272215 
-1.234279 -0.507207 
-1.433881 -0.333252 
-1.400080 -0.346642 
-0.747963 -1.214259 
0.883807 -0.683037 
-0.024432 -1.260251 
0.375270 -1.233076 
1.019060 -0.217607 
0.099589 -1.369572 
-0.173133 -1.320476 
-1.392291 -0.889735 
-1.440223 -0.452389 
1.042353 -0.373332 
-1.279814 -0.622406 
0.999955 -0.175451 
-1.395863 -0.179354 
-1.040427 -1.200488 
-1.023338 -1.066241 
-1.421183 -0.164823 
1.243109 -0.021112 
0.587580 -1.265746 
-1.374756 -0.737888 
-1.191109 -1.089706 
-0.446433 -1.335035 
-1.158706 -0.770617 
-0.490309 -1.425303 
-1.557348 -0.302797 
-0.535629 -1.298857 
-0.859918 -1.243477 
-1.358743 -0.551632 
0.918484 -0.944211 
0.874808 -0.902222 
0.376471 -1.208895 
1.071479 -0.172343 
-0.577733 -1.438700 
0.024666 -1.267707 
0.911531 -0.480342 
-1.493810 -0.022583 
-1.381088 -0.355315 
0.505215 -1.235617 
0.338478 -1.395844 
-1.373059 -0.698721 
-0.943571 -1.152783 
0.743384 -0.892920 
-0.733461 -1.117784 
-1.204347 -0.941974 
-1.297416 -0.917388 
-1.564025 -0.603229 
1.017854 -0.478978 
-1.457606 -0.664600 
-1.328524 -0.480438 
-0.119387 -1.217804 
1.126842 -0.591954 
0.006440 -1.459932 
1.059733 -0.240623 
-0.487520 -1.405148 
0.592077 -0.890485 
-1.340866 -0.505128 
1.026270 -0.049656 
1.225062 -0.292419 
1.047393 -0.096146 
-1.259829 -0.544329 
-1.356876 -0.628931 
1.066290 -0.699783 
-1.437613 -0.808846 
-0.941256 -0.921850 
-0.787852 -1.183540 
-0.091975 -1.368036 
-1.383867 -0.516081 
0.775764 -1.041596 
0.993591 -0.668104 
-1.369017 -0.257010 
0.870101 -0.963340 
-1.295690 -0.734113 
-1.631398 -0.176347 
-1.117156 -0.838161 
-1.113756 -1.022637 
1.003196 -0.416668 
0.808085 -0.850671 
1.038690 -0.342896 
1.172777 -0.164019 
0.597594 -0.955244 
-1.534303 -0.168995 
-1.512352 -0.050190 
0.802667 -0.605103 
-0.561078 -1.145046 
0.153349 -1.284119 
-0.102146 -1.365195 
-1.176966 -0.776631 
0.340618 -1.221655 
-1.393116 -0.334651 
0.617947 -0.998864 
-1.468646 -0.790200 
0.507101 -0.913626 
-1.484999 -0.769476 
-0.719122 -1.401200 
-0.003701 -1.323302 
0.827422 -0.986729 
-0.383422 -1.235749 
-0.735740 -1.043072 
1.046764 -0.390066 
-0.316695 -1.272116 
-0.408860 -1.454483 
-1.646815 -0.028245 
0.461876 -1.171805 
-1.176550 -1.025776 
-1.363341 -0.028982 
1.166620 -0.407705 
-0.616737 -1.270934 
-0.248461 -1.357370 
0.766841 -0.700963 
-1.391336 -0.059452 
0.987265 -0.232822 
0.751243 -0.786422 
-0.476053 -1.340366 
-1.126866 -0.705921 
1.123273 -0.437472 
-0.286907 -1.451365 
-1.485555 -0.581598 
0.435062 -0.993830 
0.564746 -0.908670 
0.770372 -0.663482 
0.752042 -1.050840 
1.174259 -0.519631 
0.895248 -0.802376 
0.945513 -0.361517 
0.064448 -1.238358 
0.793208 -0.651119 
0.745139 -1.122038 
0.645404 -0.876954 
1.211526 -0.429600 
-0.446089 -1.242641 
-0.476693 -1.144544 
0.622117 -1.086095 
0.155474 -1.360288 
-1.392743 -0.180424 
-0.020165 -1.168462 
0.976631 -0.514054 
-0.053560 -1.322415 
0.210528 -1.380294 
0.913660 -0.929003 
0.550368 -1.084289 
-1.533233 -0.608598 
1.045857 -0.273613 
-0.571640 -1.181180 
0.527191 -0.893022 
1.164229 -0.372876 
-0.522329 -1.188306 
1.081977 -0.141170 
-1.664613 -0.087462 
-0.161092 -1.151398 
0.586618 -0.956880 
-1.619139 -0.191036 
0.751702 -1.154872 
-1.454428 -0.729071 
0.186006 -1.109495 
-1.369547 -0.129185 
1.090735 -0.365804 
-1.049799 -1.164116 
-0.845844 -1.155117 
-1.340677 -0.415964 
-1.592378 -0.056366 
0.974553 -0.832798 
-1.662189 -0.058639 
0.489646 -0.995793 
-1.608438 -0.084775 
0.683241 -0.852910 
-1.449793 -0.765893 
0.670483 -1.215881 
0.006153 -1.198057 
1.006328 -0.540838 
-0.093837 -1.368400 
0.891263 -0.805586 
-1.507165 -0.417671 
1.053550 -0.199374 
-1.557189 -0.228444 
-1.234680 -0.833182 
-1.283891 -0.761365 
-0.990669 -0.959699 
-1.519907 -0.376483 
0.085735 -1.313810 
1.148441 -0.250975 
0.148807 -1.348260 
1.100129 -0.526541 
0.950012 -0.255161 
1.077730 -0.761501 
-1.473341 -0.752126 
-0.432802 -1.199311 
0.845372 -1.025459 
0.067970 -1.179946 
-1.336515 -0.296875 
0.914343 -0.299350 
0.408469 -1.280840 
-1.262503 -0.829636 
-0.140726 -1.308435 
0.508130 -1.142653 
-1.355447 -0.126953 
-1.169864 -1.083176 
0.067974 -1.468930 
-0.112343 -1.167521 
-0.806197 -1.119477 
-0.183827 -1.163173 
0.440153 -0.968830 
-0.544671 -1.377893 
-1.427260 -0.221082 
0.197145 -1.300149 
1.212850 -0.336484 
-1.388757 -0.276257 
-1.554320 -0.149764 
0.756555 -0.722311 
-1.176538 -0.782364 
0.741375 -0.917632 
-0.111193 -1.450780 
-0.172366 -1.370535 
-1.280478 -0.878439 
-1.247451 -0.767108 
-0.108754 -1.260116 
-0.952575 -1.291014 
-0.516558 -1.200698 
-1.444923 -0.406010 
0.421702 -1.267674 
-1.206079 -0.594902 
0.916670 -0.328981 
-0.839336 -1.284697 
0.004963 -1.178773 
-1.127523 -0.761424 
-1.380718 -0.438657 
1.131218 -0.272325 
-0.817226 -1.109116 
1.152414 -0.370293 
-0.893738 -1.049870 
1.227746 -0.456738 
-1.641947 -0.308575 
0.004404 -1.363184 
0.518501 -1.004904 
0.242485 -1.241378 
-0.986127 -0.848249 
0.434775 -1.174190 
1.158206 -0.036860 
1.065014 -0.232126 
0.445882 -1.300367 
0.046011 -1.446231 
0.652436 -0.878957 
-0.160773 -1.354756 
0.163997 -1.316928 
-0.837783 -1.327172 
0.534106 -1.092916 
-0.662937 -1.158549 
0.160990 -1.173703 
1.266124 -0.125544 
-1.433212 -0.761838 
1.195818 -0.267460 
-0.760483 -1.227906 
1.078829 -0.039786 
0.300418 -1.259814 
0.804867 -1.021210 
-1.675037 -0.018757 
0.101668 -1.358395 
-1.199122 -0.707969 
-1.602635 -0.204053 
-1.570484 -0.149910 
1.186759 -0.316930 
-0.501600 -1.123607 
-0.806946 -0.988964 
0.949916 -0.279613 
0.912614 -0.407390 
0.656348 -1.127527 
0.989183 -0.895996 
0.591205 -0.892338 
-0.339753 -1.490476 
-0.435832 -1.352351 
-0.676557 -1.190218 
-1.265508 -0.474396 
0.397955 -1.088428 
1.043088 -0.337884 
