4.851678 -0.442217 
2.411485 -1.026552 
4.545225 -0.998472 
4.480179 -0.692945 
4.506940 -0.864976 
4.713139 -0.286126 
2.484452 -1.086420 
2.178119 -0.299018 
4.881589 -0.012717 
2.202134 -0.546338 
3.859661 -1.220564 
3.443386 -1.472881 
4.657005 -0.307432 
2.584251 -0.842209 
2.983062 -1.203984 
3.043951 -1.213578 
4.684984 -0.903348 
2.299507 -0.449453 
3.075103 -1.426447 
4.014502 -1.094097 
3.506558 -1.326021 
2.295198 -0.500378 
3.929645 -1.209026 
2.381853 -0.517395 
2.707651 -1.140985 
3.089701 -1.276374 
3.166642 -1.253504 
2.688615 -1.260958 
3.274794 -1.461193 
3.782863 -1.378066 
4.856686 -0.171726 
2.836934 -1.254043 
4.762074 -0.414293 
2.122196 -0.044481 
4.882886 -0.166689 
3.747620 -1.153362 
4.702823 -0.592414 
3.193882 -1.243662 
3.172268 -1.211968 
2.789387 -0.957215 
2.656386 -1.037210 
4.521063 -0.879501 
4.547317 -0.812676 
3.471389 -1.201896 
3.602288 -1.371226 
3.722289 -1.321226 
2.579393 -1.058140 
3.619215 -1.371196 
4.697892 -0.769081 
4.783393 -0.728000 
4.738817 -0.674023 
2.327506 -0.442348 
2.412579 -0.602967 
2.266071 -0.132582 
2.454364 -0.690414 
2.328630 -0.556575 
4.218106 -1.142319 
4.268544 -0.954437 
4.810776 -0.149293 
4.678892 -0.146587 
3.690939 -1.271961 
2.614458 -1.182861 
4.791516 -0.100926 
3.948288 -1.386617 
2.305773 -0.060194 
4.835771 -0.634785 
3.839276 -1.454453 
3.827203 -1.350574 
4.269112 -1.268790 
3.770000 -1.199803 
2.301100 -0.862774 
4.650171 -0.298372 
4.927176 -0.147244 
4.773311 -0.510468 
4.249152 -0.938995 
4.666402 -0.279319 
3.122426 -1.402316 
2.451908 -0.927886 
4.414146 -0.774066 
2.089361 -0.159806 
4.641245 -0.315632 
2.235105 -0.352140 
4.834568 -0.380013 
3.444839 -1.265942 
4.181203 -1.224247 
3.067132 -1.239326 
2.597372 -1.156663 
2.694655 -1.065755 
2.283047 -0.074252 
2.965071 -1.268700 
4.746806 -0.143244 
3.800674 -1.135543 
2.292187 -0.483779 
3.954761 -1.265353 
3.044002 -1.145505 
4.467222 -0.633095 
3.657123 -1.262277 
3.080379 -1.104308 
3.712706 -1.353828 
3.374081 -1.358963 
3.401375 -1.366962 
2.192687 -0.093935 
3.782375 -1.305692 
3.636320 -1.399905 
4.073395 -1.376218 
2.401310 -0.741135 
3.308275 -1.452396 
2.348637 -0.898744 
4.658726 -0.351400 
4.853531 -0.473465 
4.395148 -0.952986 
3.042231 -1.290541 
4.364549 -1.172840 
2.228309 -0.220257 
2.145205 -0.142621 
3.113845 -1.416699 
2.013415 -0.064649 
4.951719 -0.062858 
2.359406 -0.199532 
3.898433 -1.333697 
2.284291 -0.429844 
2.792584 -1.249869 
2.051682 -0.364137 
2.650301 -1.068444 
2.201180 -0.430809 
4.552359 -0.953728 
4.271543 -0.941764 
2.086152 -0.154834 
2.806407 -1.115449 
4.912334 -0.043996 
3.961711 -1.301446 
3.763894 -1.414625 
4.748794 -0.344376 
4.016384 -1.314059 
3.217091 -1.255312 
2.225956 -0.186531 
3.636126 -1.406994 
2.842713 -1.174959 
3.987530 -1.376348 
3.530814 -1.366041 
4.028662 -1.335073 
2.982535 -1.153319 
4.668140 -0.093641 
2.942052 -1.102204 
2.071237 -0.391962 
4.475307 -0.851186 
2.690797 -1.129601 
3.817382 -1.293348 
3.459131 -1.348615 
2.738731 -1.207134 
3.485369 -1.197696 
4.381371 -1.100564 
3.249861 -1.374021 
2.518095 -0.655306 
3.898173 -1.283331 
4.548788 -0.485272 
2.645334 -1.135634 
4.229220 -1.095820 
4.535087 -0.724259 
4.357488 -0.902675 
4.475836 -1.005433 
2.971837 -1.205578 
2.969756 -1.330393 
4.475161 -1.118745 
2.617183 -1.179011 
4.558434 -0.469612 
3.515661 -1.425607 
4.445897 -0.727105 
3.362149 -1.162670 
2.933123 -1.382461 
4.645821 -0.350141 
4.783945 -0.013373 
4.477397 -0.962208 
2.198649 -0.517554 
4.536296 -0.659885 
4.812577 -0.703878 
4.553309 -1.028943 
4.673931 -0.368067 
3.079609 -1.406358 
3.995976 -1.173666 
4.032541 -1.291710 
4.709173 -0.456106 
4.778255 -0.419773 
3.001515 -1.414685 
3.368110 -1.419606 
4.162846 -0.944040 
4.041988 -1.366584 
4.868406 -0.178069 
4.256805 -0.891435 
4.465518 -0.852924 
2.925124 -1.132932 
3.496326 -1.288205 
2.455555 -0.933594 
4.381040 -1.172991 
4.458702 -0.719904 
3.986683 -1.141456 
3.455403 -1.366719 
3.878916 -1.303157 
4.652517 -0.375262 
4.251385 -1.043166 
3.784085 -1.345603 
2.794441 -0.929971 
4.436143 -0.714137 
3.072651 -1.400647 
2.102543 -0.259639 
3.111969 -1.288181 
4.757425 -0.587706 
4.631712 -0.978694 
2.359519 -0.928373 
2.344827 -0.521984 
2.723342 -1.092346 
3.564656 -1.271833 
2.834592 -1.015044 
4.735009 -0.696790 
4.667726 -0.496496 
3.408613 -1.313914 
4.704858 -0.081517 
2.612434 -0.756170 
2.880671 -1.083287 
2.316611 -0.151681 
4.682710 -0.406164 
3.038906 -1.111673 
2.263723 -0.103806 
2.672674 -1.012772 
3.325858 -1.272215 
2.465721 -0.507207 
2.266119 -0.333252 
2.299920 -0.346642 
2.952037 -1.214259 
4.583807 -0.683037 
3.675568 -1.260251 
4.075270 -1.233076 
4.719060 -0.217607 
3.799589 -1.369572 
3.526867 -1.320476 
2.307709 -0.889735 
2.259777 -0.452389 
4.742353 -0.373332 
2.420186 -0.622406 
4.699955 -0.175451 
2.304137 -0.179354 
2.659573 -1.200488 
2.676662 -1.066241 
2.278817 -0.164823 
4.943109 -0.021112 
4.287580 -1.265746 
2.325244 -0.737888 
2.508891 -1.089706 
3.253567 -1.335035 
2.541294 -0.770617 
3.209691 -1.425303 
2.142652 -0.302797 
3.164371 -1.298857 
2.840082 -1.243477 
2.341257 -0.551632 
4.618484 -0.944211 
4.574808 -0.902222 
4.076471 -1.208895 
4.771479 -0.172343 
3.122267 -1.438700 
3.724666 -1.267707 
4.611531 -0.480342 
2.206190 -0.022583 
2.318912 -0.355315 
4.205215 -1.235617 
4.038478 -1.395844 
2.326941 -0.698721 
2.756429 -1.152783 
4.443384 -0.892920 
2.966539 -1.117784 
2.495653 -0.941974 
2.402584 -0.917388 
2.135975 -0.603229 
4.717854 -0.478978 
2.242394 -0.664600 
2.371476 -0.480438 
3.580613 -1.217804 
4.826842 -0.591954 
3.706440 -1.459932 
4.759733 -0.240623 
3.212480 -1.405148 
4.292077 -0.890485 
2.359134 -0.505128 
4.726270 -0.049656 
4.925062 -0.292419 
4.747393 -0.096146 
2.440171 -0.544329 
2.343124 -0.628931 
4.766290 -0.699783 
2.262387 -0.808846 
2.758744 -0.921850 
2.912148 -1.183540 
3.608025 -1.368036 
2.316133 -0.516081 
4.475764 -1.041596 
4.693591 -0.668104 
2.330983 -0.257010 
4.570101 -0.963340 
2.404310 -0.734113 
2.068602 -0.176347 
2.582844 -0.838161 
2.586244 -1.022637 
4.703196 -0.416668 
4.508085 -0.850671 
4.738690 -0.342896 
4.872777 -0.164019 
4.297594 -0.955244 
2.165697 -0.168995 
2.187648 -0.050190 
4.502667 -0.605103 
3.138922 -1.145046 
3.853349 -1.284119 
3.597854 -1.365195 
2.523034 -0.776631 
4.040618 -1.221655 
2.306884 -0.334651 
4.317947 -0.998864 
2.231354 -0.790200 
4.207101 -0.913626 
2.215001 -0.769476 
2.980878 -1.401200 
3.696299 -1.323302 
4.527422 -0.986729 
3.316578 -1.235749 
2.964260 -1.043072 
4.746764 -0.390066 
3.383305 -1.272116 
3.291140 -1.454483 
2.053185 -0.028245 
4.161876 -1.171805 
2.523450 -1.025776 
2.336659 -0.028982 
4.866620 -0.407705 
3.083263 -1.270934 
3.451539 -1.357370 
4.466841 -0.700963 
2.308664 -0.059452 
4.687265 -0.232822 
4.451243 -0.786422 
3.223947 -1.340366 
2.573134 -0.705921 
4.823273 -0.437472 
3.413093 -1.451365 
2.214445 -0.581598 
4.135062 -0.993830 
4.264746 -0.908670 
4.470372 -0.663482 
4.452042 -1.050840 
4.874259 -0.519631 
4.595248 -0.802376 
4.645513 -0.361517 
3.764448 -1.238358 
4.493208 -0.651119 
4.445139 -1.122038 
4.345404 -0.876954 
4.911526 -0.429600 
3.253911 -1.242641 
3.223307 -1.144544 
4.322117 -1.086095 
3.855474 -1.360288 
2.307257 -0.180424 
3.679835 -1.168462 
4.676631 -0.514054 
3.646440 -1.322415 
3.910528 -1.380294 
4.613660 -0.929003 
4.250368 -1.084289 
2.166767 -0.608598 
4.745857 -0.273613 
3.128360 -1.181180 
4.227191 -0.893022 
4.864229 -0.372876 
3.177671 -1.188306 
4.781977 -0.141170 
2.035387 -0.087462 
3.538908 -1.151398 
4.286618 -0.956880 
2.080861 -0.191036 
4.451702 -1.154872 
2.245572 -0.729071 
3.886006 -1.109495 
2.330453 -0.129185 
4.790735 -0.365804 
2.650201 -1.164116 
2.854156 -1.155117 
2.359323 -0.415964 
2.107622 -0.056366 
4.674553 -0.832798 
2.037811 -0.058639 
4.189646 -0.995793 
2.091562 -0.084775 
4.383241 -0.852910 
2.250207 -0.765893 
4.370483 -1.215881 
3.706153 -1.198057 
4.706328 -0.540838 
3.606163 -1.368400 
4.591263 -0.805586 
2.192835 -0.417671 
4.753550 -0.199374 
2.142811 -0.228444 
2.465320 -0.833182 
2.416109 -0.761365 
2.709331 -0.959699 
2.180093 -0.376483 
3.785735 -1.313810 
4.848441 -0.250975 
3.848807 -1.348260 
4.800129 -0.526541 
4.650012 -0.255161 
4.777730 -0.761501 
2.226659 -0.752126 
3.267198 -1.199311 
4.545372 -1.025459 
3.767970 -1.179946 
2.363485 -0.296875 
4.614343 -0.299350 
4.108469 -1.280840 
2.437497 -0.829636 
3.559274 -1.308435 
4.208130 -1.142653 
2.344553 -0.126953 
2.530136 -1.083176 
3.767974 -1.468930 
3.587657 -1.167521 
2.893803 -1.119477 
3.516173 -1.163173 
4.140153 -0.968830 
3.155329 -1.377893 
2.272740 -0.221082 
3.897145 -1.300149 
4.912850 -0.336484 
2.311243 -0.276257 
2.145680 -0.149764 
4.456555 -0.722311 
2.523462 -0.782364 
4.441375 -0.917632 
3.588807 -1.450780 
3.527634 -1.370535 
2.419522 -0.878439 
2.452549 -0.767108 
3.591246 -1.260116 
2.747425 -1.291014 
3.183442 -1.200698 
2.255077 -0.406010 
4.121702 -1.267674 
2.493921 -0.594902 
4.616670 -0.328981 
2.860664 -1.284697 
3.704963 -1.178773 
2.572477 -0.761424 
2.319282 -0.438657 
4.831218 -0.272325 
2.882774 -1.109116 
4.852414 -0.370293 
2.806262 -1.049870 
4.927746 -0.456738 
2.058053 -0.308575 
3.704404 -1.363184 
4.218501 -1.004904 
3.942485 -1.241378 
2.713873 -0.848249 
4.134775 -1.174190 
4.858206 -0.036860 
4.765014 -0.232126 
4.145882 -1.300367 
3.746011 -1.446231 
4.352436 -0.878957 
3.539227 -1.354756 
3.863997 -1.316928 
2.862217 -1.327172 
4.234106 -1.092916 
3.037063 -1.158549 
3.860990 -1.173703 
4.966124 -0.125544 
2.266788 -0.761838 
4.895818 -0.267460 
2.939517 -1.227906 
4.778829 -0.039786 
4.000418 -1.259814 
4.504867 -1.021210 
2.024963 -0.018757 
3.801668 -1.358395 
2.500878 -0.707969 
2.097365 -0.204053 
2.129516 -0.149910 
4.886759 -0.316930 
3.198400 -1.123607 
2.893054 -0.988964 
4.649916 -0.279613 
4.612614 -0.407390 
4.356348 -1.127527 
4.689183 -0.895996 
4.291205 -0.892338 
3.360247 -1.490476 
3.264168 -1.352351 
3.023443 -1.190218 
2.434492 -0.474396 
4.097955 -1.088428 
4.743088 -0.337884 