0.252976 0.322817 
0.177614 0.402176 
1.501707 0.977546 
2.223671 1.027652 
2.526140 0.333931 
0.648536 0.682983 
1.415116 1.025749 
1.844002 0.830896 
2.963463 0.456604 
1.620555 1.037601 
-0.293847 0.189714 
2.819946 0.543163 
1.660877 1.138622 
0.425278 0.733101 
0.197968 0.682968 
3.167735 -0.330975 
2.359756 0.836240 
2.313627 0.722727 
3.103092 -0.032352 
1.672528 1.231170 
2.531814 0.486793 
0.905375 1.066786 
-0.040659 0.368947 
2.830677 0.180962 
-0.065546 -0.010812 
1.452480 1.151042 
-0.247738 -0.137479 
2.138617 0.782348 
2.818599 0.590906 
2.027982 0.924145 
2.897427 0.411173 
2.123196 0.881337 
1.589955 0.919500 
3.035846 -0.214791 
-0.173861 -0.363257 
-0.278334 -0.052847 
0.730783 0.675265 
3.110505 0.043586 
1.757019 0.996355 
1.496242 0.910408 
1.696175 0.885296 
1.911142 0.954074 
2.394893 0.459252 
-0.152317 -0.458246 
2.256279 0.658961 
0.790533 0.898640 
0.815625 0.871578 
0.545942 0.696429 
2.803410 0.398846 
-0.119733 0.188981 
3.146494 -0.316003 
2.591416 0.460252 
1.544000 1.082675 
0.449790 0.809906 
0.571459 0.691236 
2.952319 -0.116921 
-0.439878 -0.434185 
0.837494 0.701069 
2.632881 0.470630 
3.107542 -0.260645 
-0.267090 -0.568709 
2.430654 0.864496 
3.248110 -0.171738 
1.106434 0.821019 
-0.335885 -0.034410 
1.769461 0.828169 
3.341152 -0.325414 
2.207686 0.730974 
3.044694 -0.576390 
0.637508 0.869177 
0.589520 0.969415 
1.258737 1.124498 
2.970984 -0.642367 
3.091637 -0.005213 
0.596821 0.767877 
0.427803 0.495891 
2.464472 0.770312 
3.064725 -0.449929 
3.244261 -0.017555 
2.381535 0.819466 
2.848511 0.108599 
0.620516 0.635752 
0.502496 0.628616 
2.110163 0.957608 
0.976932 1.065545 
0.026439 0.635029 
-0.202732 -0.659935 
2.059339 0.924139 
2.860196 0.411802 
1.653068 0.916244 
2.678651 0.323288 
-0.171929 -0.536708 
2.116119 0.725382 
2.791577 0.330244 
2.502809 0.696996 
0.173770 0.210393 
2.378769 0.493759 
1.525406 1.058497 
3.111480 -0.073658 
3.124069 -0.578659 
3.087785 0.029949 
0.123560 0.716798 
0.861294 0.904301 
0.280489 0.386804 
-0.253127 -0.651822 
2.957915 0.139256 
2.393114 0.648120 
3.192103 -0.527942 
1.761590 1.052939 
1.967749 1.045993 
-0.008420 0.089345 
0.531605 0.860446 
0.035393 0.426333 
-0.311415 -0.525169 
-0.241911 0.012528 
0.545705 0.851753 
2.905113 -0.209035 
-0.422296 -0.547931 
3.015239 -0.546778 
0.488258 0.633394 
3.037984 -0.126207 
2.449431 0.674812 
1.962169 0.770368 
3.198666 -0.272713 
3.120936 -0.657339 
-0.145698 -0.585679 
1.165108 0.910114 
0.125069 0.301756 
1.804802 0.980600 
-0.056753 0.226118 
0.038736 0.547467 
2.755472 0.503882 
1.071019 0.908804 
0.147469 0.349334 
2.467932 0.676791 
-0.024593 -0.200702 
1.353800 0.911752 
1.946182 0.917801 
3.109148 -0.078971 
3.065791 0.219177 
-0.474933 -0.625204 
0.114045 0.375098 
3.063917 -0.613928 
0.048766 0.666334 
2.789341 0.179020 
0.015705 0.219848 
0.695207 0.713617 
-0.345905 -0.102140 
0.401454 0.856341 
0.537061 0.985396 
1.439963 0.914253 
2.479044 0.867767 
2.413613 0.749457 
2.492291 0.449024 
1.595872 0.843766 
2.994155 -0.410682 
1.069526 1.062808 
2.906757 0.035993 
0.974380 1.165317 
1.576294 1.225833 
3.342487 -0.573443 
2.811037 -0.036285 
-0.210985 -0.176759 
3.134353 -0.411314 
0.520112 0.880816 
2.140046 0.680760 
0.642779 0.740107 
0.445826 0.650092 
2.952362 -0.569699 
1.394298 0.815696 
2.930604 0.261419 
3.041167 -0.281903 
1.757653 0.885803 
0.010901 0.349340 
0.087328 0.595203 
2.987828 -0.181812 
2.987204 0.386383 
3.082296 -0.636905 
2.377365 0.998700 
1.606875 1.065064 
2.747879 0.672405 
2.752827 0.145769 
0.250076 0.486989 
2.887794 -0.128308 
0.366586 0.618970 
2.697265 0.415194 
-0.380058 -0.377741 
0.984265 0.999526 
0.419439 0.584468 
0.049148 0.391060 
1.379251 0.903470 
-0.130502 -0.362882 
-0.377932 -0.071707 
0.355589 0.894141 
0.574592 0.681856 
0.753252 0.681141 
2.689820 0.117776 
1.359803 0.968285 
3.079692 -0.481397 
1.383795 0.893299 
0.431101 0.844259 
3.140059 -0.619862 
3.218825 -0.605945 
0.811272 0.747367 
3.178731 0.137117 
-0.239078 -0.282321 
2.959869 0.414160 
2.924486 0.248937 
0.625362 1.009157 
2.298568 0.666819 
1.183218 1.215518 
2.521164 0.925006 
1.941154 0.885401 
0.721057 0.849710 
2.914935 0.379392 
2.572258 0.539511 
2.253897 0.589467 
2.477806 0.698678 
-0.470509 -0.510187 
1.905376 0.922506 
0.980896 1.150900 
0.277681 0.445121 
-0.335499 -0.018823 
2.786915 0.412061 
1.357530 1.136330 
2.275625 0.627083 
1.711772 1.182742 
2.774282 -0.028301 
3.230700 -0.003972 
1.429926 1.256959 
0.043598 0.077901 
-0.194494 -0.180742 
-0.143147 0.323009 
1.681121 0.789696 
0.297995 0.711833 
2.585223 0.336874 
0.075248 0.082035 
2.717172 0.295030 
2.843823 0.046067 
0.865137 0.982973 
3.360041 -0.562049 
-0.470612 -0.257001 
2.870098 0.391506 
2.643970 0.406718 
-0.085131 0.487331 
2.089166 0.750193 
2.006226 0.815594 
2.668931 0.707365 
3.203997 -0.304138 
-0.051818 0.236010 
1.362410 1.212992 
2.929688 -0.459428 
-0.150391 0.367749 
1.582130 1.190878 
-0.389236 -0.457404 
0.962228 0.736944 
3.344913 -0.497798 
0.138159 0.709988 
3.088270 -0.352586 
2.983794 -0.684469 
3.005279 -0.283523 
1.603238 1.070920 
-0.095286 -0.546323 
2.544413 0.840230 
3.005140 0.041617 
0.340421 0.587787 
2.425580 0.613874 
3.141186 -0.319826 
2.944916 0.220775 
1.943292 1.118743 
2.771488 0.320873 
3.000299 -0.192582 
3.075734 0.118483 
1.529375 0.877037 
-0.404269 -0.255188 
1.748026 0.890812 
-0.168786 0.317483 
2.442216 0.628954 
1.026381 0.977316 
2.596302 0.745555 
0.365992 0.544089 
2.659405 0.495170 
0.520985 0.890788 
1.487066 0.888772 
0.761261 0.915461 
-0.313221 -0.517173 
3.074646 0.290296 
3.020139 0.201246 
0.112719 0.680010 
2.857891 0.046258 
1.733203 1.217762 
1.750263 0.947442 
0.439595 0.786797 
0.045851 -0.015286 
3.260500 -0.378540 
-0.050181 -0.046029 
0.237808 0.360211 
2.974878 0.154420 
0.442250 0.777549 
0.462251 0.678065 
-0.399200 -0.450183 
2.326873 0.643047 
3.304839 -0.250890 
3.314483 -0.396963 
0.642577 0.658356 
1.964508 0.734147 
1.309515 0.851757 
2.441550 0.544255 
-0.243568 0.289586 
-0.109218 -0.563790 
1.321549 0.878883 
0.194176 0.391259 
2.895862 -0.019602 
0.196996 0.188639 
-0.055134 -0.458540 
2.469818 0.767334 
1.183801 0.988600 
1.050821 0.817815 
0.503911 0.870937 
2.078970 0.707224 
1.373758 1.004606 
-0.049756 -0.067850 
1.732965 0.896629 
-0.116555 -0.171002 
2.493191 0.672968 
2.998679 -0.230905 
2.424915 0.718931 
1.956695 0.720521 
2.610396 0.693304 
0.296444 0.667725 
3.103593 0.116222 
1.259278 1.238206 
-0.145343 -0.048236 
2.405313 0.930191 
2.870672 0.337432 
2.852870 0.128216 
1.996443 1.099471 
1.832176 0.815963 
1.657960 1.109116 
-0.397944 -0.630229 
2.397814 0.584514 
0.897312 0.798586 
-0.236445 0.027075 
0.594589 0.754058 
-0.309595 -0.511983 
1.528400 1.183533 
-0.469846 -0.484233 
1.871250 1.022048 
2.628313 0.281920 
2.847273 0.244882 
0.103977 0.571887 
2.596484 0.529657 
2.666633 0.788750 
0.884810 1.154305 
1.391991 1.158051 
3.052362 -0.339352 
-0.092152 -0.641353 
2.971920 0.474852 
2.606737 0.776395 
0.402089 0.727194 
2.887326 0.539716 
-0.013114 0.559084 
3.147058 -0.288461 
2.897736 0.468339 
2.725887 0.638410 
-0.214912 -0.068236 
1.045223 0.872034 
2.990116 0.197129 
2.181505 0.917388 
0.297305 0.750842 
-0.286653 0.060905 
1.520494 1.144802 
2.055069 0.949862 
-0.087816 0.422352 
0.857342 0.961291 
0.593984 0.898366 
3.074540 -0.406194 
0.668025 0.838973 
1.438100 0.940434 
1.251900 1.004160 
1.305989 1.219491 
-0.302335 -0.557127 
1.028105 1.007651 
-0.360179 0.068465 
1.318317 1.054617 
-0.073152 0.500530 
2.929866 0.491746 
0.214024 0.265773 
2.979848 -0.597809 
1.348363 1.088230 
-0.480540 -0.324184 
2.619003 0.681542 
1.910888 0.963183 
-0.074719 -0.073801 
1.342788 1.049174 
2.249368 0.609249 
2.472166 0.682706 
3.036754 0.024549 
2.729048 0.422714 
1.652708 0.897421 
3.115208 0.236388 
0.083140 0.360395 
-0.289023 0.224750 
2.789754 0.021576 
2.093096 0.863115 
1.063079 1.185344 
3.008940 -0.548565 
2.754660 0.717264 
0.602358 0.992619 
2.995880 0.321881 
-0.097510 -0.133894 
0.501528 0.992338 
2.827717 0.603924 
2.051501 1.143738 
3.223750 -0.579919 
0.235451 0.446629 
1.303266 0.894188 
1.213196 1.224284 
2.909657 0.318036 
0.418544 0.566146 
-0.456976 -0.215538 
2.166090 0.768621 
-0.172825 0.383714 
1.877443 0.997746 
0.315485 0.494992 
-0.473551 -0.532435 
2.551194 0.652933 
2.414390 0.777563 
2.283181 0.930492 
0.036771 -0.076945 
2.067727 0.726345 
3.112331 -0.537518 
2.706387 0.164149 
0.935117 0.916635 
1.394470 1.028332 
2.783659 0.469799 
0.877834 0.769238 
0.766848 0.918971 
2.178670 0.633525 
3.122877 -0.434733 
0.228465 0.489152 
1.455463 0.929596 
1.076026 1.024536 
2.172444 0.997111 
2.158187 0.935926 
-0.399373 -0.101646 
3.287472 -0.307820 
2.647008 0.385911 
1.882839 0.867982 
0.600514 0.836200 
0.667283 1.057615 
0.270224 0.316629 
0.099484 0.272527 
0.182131 0.594356 
2.793430 0.360589 
3.146545 -0.184694 
2.949201 -0.060381 
1.832827 1.071782 
1.589327 1.181659 
3.077555 -0.082574 
2.725813 0.619988 
2.929855 0.216907 
-0.426790 -0.237031 
1.678253 0.983131 
0.464035 0.819591 
-0.371307 0.048412 
2.662666 0.266075 
2.958414 -0.552374 
3.253150 -0.656173 
-0.054296 -0.320788 
2.513698 0.774211 
-0.157078 -0.041369 
0.191352 0.211085 
2.879317 0.515754 
2.512318 0.783908 
1.359890 1.030051 
3.093234 0.327747 
1.466881 1.129333 
3.257626 -0.424956 
2.293626 0.933279 
-0.094576 0.360057 
0.540552 0.876180 
2.175200 1.060831 
0.082385 0.435886 
2.825250 0.104216 
-0.093952 -0.688783 
2.387203 0.627970 
0.502614 0.763655 
1.913163 1.183291 
1.234389 0.883048 
3.006271 -0.051604 
2.791881 0.641294 
2.884057 -0.015669 
2.837168 0.064384 
2.974052 -0.596811 
3.131392 -0.042387 
1.473376 1.228583 
3.076459 -0.633208 
3.083213 0.097913 
0.238807 0.219722 
