1.151678 -0.442217
-1.288515 -1.026552
0.845225 -0.998472
0.780179 -0.692945
0.806940 -0.864976
1.013139 -0.286126
-1.215548 -1.086420
-1.521881 -0.299018
1.181589 -0.012717
-1.497866 -0.546338
0.159661 -1.220564
-0.256614 -1.472881
0.957005 -0.307432
-1.115749 -0.842209
-0.716938 -1.203984
-0.656049 -1.213578
0.984984 -0.903348
-1.400493 -0.449453
-0.624897 -1.426447
0.314502 -1.094097
-0.193442 -1.326021
-1.404802 -0.500378
0.229645 -1.209026
-1.318147 -0.517395
-0.992349 -1.140985
-0.610299 -1.276374
-0.533358 -1.253504
-1.011385 -1.260958
-0.425206 -1.461193
0.082863 -1.378066
1.156686 -0.171726
-0.863066 -1.254043
1.062074 -0.414293
-1.577804 -0.044481
1.182886 -0.166689
0.047620 -1.153362
1.002823 -0.592414
-0.506118 -1.243662
-0.527732 -1.211968
-0.910613 -0.957215
-1.043614 -1.037210
0.821063 -0.879501
0.847317 -0.812676
-0.228611 -1.201896
-0.097712 -1.371226
0.022289 -1.321226
-1.120607 -1.058140
-0.080785 -1.371196
0.997892 -0.769081
1.083393 -0.728000
1.038817 -0.674023
-1.372494 -0.442348
-1.287421 -0.602967
-1.433929 -0.132582
-1.245636 -0.690414
-1.371370 -0.556575
0.518106 -1.142319
0.568544 -0.954437
1.110776 -0.149293
0.978892 -0.146587
-0.009061 -1.271961
-1.085542 -1.182861
1.091516 -0.100926
0.248288 -1.386617
-1.394227 -0.060194
1.135771 -0.634785
0.139276 -1.454453
0.127203 -1.350574
0.569112 -1.268790
0.070000 -1.199803
-1.398900 -0.862774
0.950171 -0.298372
1.227176 -0.147244
1.073311 -0.510468
0.549152 -0.938995
0.966402 -0.279319
-0.577574 -1.402316
-1.248092 -0.927886
0.714146 -0.774066
-1.610639 -0.159806
0.941245 -0.315632
-1.464895 -0.352140
1.134568 -0.380013
-0.255161 -1.265942
0.481203 -1.224247
-0.632868 -1.239326
-1.102628 -1.156663
-1.005345 -1.065755
-1.416953 -0.074252
-0.734929 -1.268700
1.046806 -0.143244
0.100674 -1.135543
-1.407813 -0.483779
0.254761 -1.265353
-0.655998 -1.145505
0.767222 -0.633095
-0.042877 -1.262277
-0.619621 -1.104308
0.012706 -1.353828
-0.325919 -1.358963
-0.298625 -1.366962
-1.507313 -0.093935
0.082375 -1.305692
-0.063680 -1.399905
0.373395 -1.376218
-1.298690 -0.741135
-0.391725 -1.452396
-1.351363 -0.898744
0.958726 -0.351400
1.153531 -0.473465
0.695148 -0.952986
-0.657769 -1.290541
0.664549 -1.172840
-1.471691 -0.220257
-1.554795 -0.142621
-0.586155 -1.416699
-1.686585 -0.064649
1.251719 -0.062858
-1.340594 -0.199532
0.198433 -1.333697
-1.415709 -0.429844
-0.907416 -1.249869
-1.648318 -0.364137
-1.049699 -1.068444
-1.498820 -0.430809
0.852359 -0.953728
0.571543 -0.941764
-1.613848 -0.154834
-0.893593 -1.115449
1.212334 -0.043996
0.261711 -1.301446
0.063894 -1.414625
1.048794 -0.344376
0.316384 -1.314059
-0.482909 -1.255312
-1.474044 -0.186531
-0.063874 -1.406994
-0.857287 -1.174959
0.287530 -1.376348
-0.169186 -1.366041
0.328662 -1.335073
-0.717465 -1.153319
0.968140 -0.093641
-0.757948 -1.102204
-1.628763 -0.391962
0.775307 -0.851186
-1.009203 -1.129601
0.117382 -1.293348
-0.240869 -1.348615
-0.961269 -1.207134
-0.214631 -1.197696
0.681371 -1.100564
-0.450139 -1.374021
-1.181905 -0.655306
0.198173 -1.283331
0.848788 -0.485272
-1.054666 -1.135634
0.529220 -1.095820
0.835087 -0.724259
0.657488 -0.902675
0.775836 -1.005433
-0.728163 -1.205578
-0.730244 -1.330393
0.775161 -1.118745
-1.082817 -1.179011
0.858434 -0.469612
-0.184339 -1.425607
0.745897 -0.727105
-0.337851 -1.162670
-0.766877 -1.382461
0.945821 -0.350141
1.083945 -0.013373
0.777397 -0.962208
-1.501351 -0.517554
0.836296 -0.659885
1.112577 -0.703878
0.853309 -1.028943
0.973931 -0.368067
-0.620391 -1.406358
0.295976 -1.173666
0.332541 -1.291710
1.009173 -0.456106
1.078255 -0.419773
-0.698485 -1.414685
-0.331890 -1.419606
0.462846 -0.944040
0.341988 -1.366584
1.168406 -0.178069
0.556805 -0.891435
0.765518 -0.852924
-0.774876 -1.132932
-0.203674 -1.288205
-1.244445 -0.933594
0.681040 -1.172991
0.758702 -0.719904
0.286683 -1.141456
-0.244597 -1.366719
0.178916 -1.303157
0.952517 -0.375262
0.551385 -1.043166
0.084085 -1.345603
-0.905559 -0.929971
0.736143 -0.714137
-0.627349 -1.400647
-1.597457 -0.259639
-0.588031 -1.288181
1.057425 -0.587706
0.931712 -0.978694
-1.340481 -0.928373
-1.355173 -0.521984
-0.976658 -1.092346
-0.135344 -1.271833
-0.865408 -1.015044
1.035009 -0.696790
0.967726 -0.496496
-0.291387 -1.313914
1.004858 -0.081517
-1.087566 -0.756170
-0.819329 -1.083287
-1.383389 -0.151681
0.982710 -0.406164
-0.661094 -1.111673
-1.436277 -0.103806
-1.027326 -1.012772
-0.374142 -1.272215
-1.234279 -0.507207
-1.433881 -0.333252
-1.400080 -0.346642
-0.747963 -1.214259
0.883807 -0.683037
-0.024432 -1.260251
0.375270 -1.233076
1.019060 -0.217607
0.099589 -1.369572
-0.173133 -1.320476
-1.392291 -0.889735
-1.440223 -0.452389
1.042353 -0.373332
-1.279814 -0.622406
0.999955 -0.175451
-1.395863 -0.179354
-1.040427 -1.200488
-1.023338 -1.066241
-1.421183 -0.164823
1.243109 -0.021112
0.587580 -1.265746
-1.374756 -0.737888
-1.191109 -1.089706
-0.446433 -1.335035
-1.158706 -0.770617
-0.490309 -1.425303
-1.557348 -0.302797
-0.535629 -1.298857
-0.859918 -1.243477
-1.358743 -0.551632
0.918484 -0.944211
0.874808 -0.902222
0.376471 -1.208895
1.071479 -0.172343
-0.577733 -1.438700
0.024666 -1.267707
0.911531 -0.480342
-1.493810 -0.022583
-1.381088 -0.355315
0.505215 -1.235617
0.338478 -1.395844
-1.373059 -0.698721
-0.943571 -1.152783
0.743384 -0.892920
-0.733461 -1.117784
-1.204347 -0.941974
-1.297416 -0.917388
-1.564025 -0.603229
1.017854 -0.478978
-1.457606 -0.664600
-1.328524 -0.480438
-0.119387 -1.217804
1.126842 -0.591954
0.006440 -1.459932
1.059733 -0.240623
-0.487520 -1.405148
0.592077 -0.890485
-1.340866 -0.505128
1.026270 -0.049656
1.225062 -0.292419
1.047393 -0.096146
-1.259829 -0.544329
-1.356876 -0.628931
1.066290 -0.699783
-1.437613 -0.808846
-0.941256 -0.921850
-0.787852 -1.183540
-0.091975 -1.368036
-1.383867 -0.516081
0.775764 -1.041596
0.993591 -0.668104
-1.369017 -0.257010
0.870101 -0.963340
-1.295690 -0.734113
-1.631398 -0.176347
-1.117156 -0.838161
-1.113756 -1.022637
1.003196 -0.416668
0.808085 -0.850671
1.038690 -0.342896
1.172777 -0.164019
0.597594 -0.955244
-1.534303 -0.168995
-1.512352 -0.050190
0.802667 -0.605103
-0.561078 -1.145046
0.153349 -1.284119
-0.102146 -1.365195
-1.176966 -0.776631
0.340618 -1.221655
-1.393116 -0.334651
0.617947 -0.998864
-1.468646 -0.790200
0.507101 -0.913626
-1.484999 -0.769476
-0.719122 -1.401200
-0.003701 -1.323302
0.827422 -0.986729
-0.383422 -1.235749
-0.735740 -1.043072
1.046764 -0.390066
-0.316695 -1.272116
-0.408860 -1.454483
-1.646815 -0.028245
0.461876 -1.171805
-1.176550 -1.025776
-1.363341 -0.028982
1.166620 -0.407705
-0.616737 -1.270934
-0.248461 -1.357370
0.766841 -0.700963
-1.391336 -0.059452
0.987265 -0.232822
0.751243 -0.786422
-0.476053 -1.340366
-1.126866 -0.705921
1.123273 -0.437472
-0.286907 -1.451365
-1.485555 -0.581598
0.435062 -0.993830
0.564746 -0.908670
0.770372 -0.663482
0.752042 -1.050840
1.174259 -0.519631
0.895248 -0.802376
0.945513 -0.361517
0.064448 -1.238358
0.793208 -0.651119
0.745139 -1.122038
0.645404 -0.876954
1.211526 -0.429600
-0.446089 -1.242641
-0.476693 -1.144544
0.622117 -1.086095
0.155474 -1.360288
-1.392743 -0.180424
-0.020165 -1.168462
0.976631 -0.514054
-0.053560 -1.322415
0.210528 -1.380294
0.913660 -0.929003
0.550368 -1.084289
-1.533233 -0.608598
1.045857 -0.273613
-0.571640 -1.181180
0.527191 -0.893022
1.164229 -0.372876
-0.522329 -1.188306
1.081977 -0.141170
-1.664613 -0.087462
